-9.000000000000000222e-01 5.093499999999999694e+00
-8.000000000000000444e-01 2.177700000000000191e+00
-6.999999999999999556e-01 2.089000000000000024e-01
-5.999999999999999778e-01 -2.394899999999999807e+00
-5.000000000000000000e-01 -2.445699999999999985e+00
-4.000000000000000222e-01 -3.043000000000000149e+00
-2.999999999999999889e-01 -2.273099999999999898e+00
-2.000000000000000111e-01 -2.070600000000000218e+00
-1.000000000000000056e-01 -1.623099999999999987e+00
0.000000000000000000e+00 -2.560500000000000220e+00
1.000000000000000056e-01 -7.702999999999999847e-01
2.000000000000000111e-01 -3.054999999999999938e-01
2.999999999999999889e-01 1.681699999999999973e+00
4.000000000000000222e-01 1.872800000000000020e+00
5.000000000000000000e-01 3.658599999999999852e+00
5.999999999999999778e-01 3.235300000000000065e+00
6.999999999999999556e-01 4.251999999999999780e+00
8.000000000000000444e-01 5.254999999999999893e+00
9.000000000000000222e-01 3.876599999999999824e+00
1.000000000000000000e+00 4.288999999999999702e+00
